Expected(MWh)    Predicted PROPHET(MWh)    Predicted EPİAŞ(MWh)    Error PROPHET(%)    Error EPİAŞ(%)
---------------  ------------------------  ----------------------  ------------------  ----------------
33849.01         34199.59                  33789                   1.04                0.18
32497.85         32735.65                  32507                   0.73                0.03
31688.59         31816.1                   31596                   0.4                 0.29
30812.33         31054.29                  31034                   0.79                0.72
30684.29         30252.03                  30839                   1.41                0.5
31004.93         29821.36                  30874                   3.82                0.42
31341.07         30538.22                  30906                   2.56                1.39
32726.85         32799.65                  32105                   0.22                1.9
37211.08         36085.72                  36903                   3.02                0.83
39655.22         39182.9                   39575                   1.19                0.2
41097.07         41026.16                  40602                   0.17                1.2
41922.26         41430.85                  41396                   1.17                1.26
39977.19         41081.8                   39557                   2.76                1.05
40299.99         40834.56                  40009                   1.33                0.72
42436.44         40999.85                  41871                   3.39                1.33
42261.25         41244.69                  41385                   2.41                2.07
42177.08         41112.46                  40984                   2.52                2.83
41248.72         40573.97                  40013                   1.64                3.0
40387.87         40043.13                  39099                   0.85                3.19
40866.13         39875.18                  39698                   2.42                2.86
39704.16         39905.39                  38775                   0.51                2.34
38623.75         39536.5                   37764                   2.36                2.23
37431.29         38306.78                  36582                   2.34                2.27
35942.21         36364.45                  35355                   1.17                1.63
------------     ------------              ------------            ------------        ------------
Average Errors                                                     1.676               1.435
R^2                                                                0.969               0.934
------------     ------------              ------------            ------------        ------------
Time in sec.     1.593
Start Date       01.01.2018
End Date         29.09.2022
Predicting       30.09.2022
------------     ------------              ------------            ------------        ------------
