Predicted(MWh)    Expected(MWh)    Error (%)
----------------  ---------------  ------------
35017.08          33849.01         3.45
32439.97          32497.85         0.18
31921.28          31688.59         0.73
31233.6           30812.33         1.37
30250.19          30684.29         1.41
30805.44          31004.93         0.64
31229.21          31341.07         0.36
31536.3           32726.85         3.64
33830.93          37211.08         9.08
40591.3           39655.22         2.36
40357.13          41097.07         1.8
42040.6           41922.26         0.28
42240.82          39977.19         5.66
38184.46          40299.99         5.25
41310.47          42436.44         2.65
43846.04          42261.25         3.75
41531.63          42177.08         1.53
42405.26          41248.72         2.8
40362.05          40387.87         0.06
40016.8           40866.13         2.08
41427.24          39704.16         4.34
38480.76          38623.75         0.37
38203.75          37431.29         2.06
36585.45          35942.21         1.79
------------      ------------     ------------
Model             ARIMA            (1, 1, 1)
Data Size         8784
Average Error     2.402
Time in sec.      4.950
R^2               0.916
