Expected(MWh)    Predicted LSTM(MWh)    Predicted EPİAŞ(MWh)    Error LSTM(%)    Error EPİAŞ(%)
---------------  ---------------------  ----------------------  ---------------  ----------------
33866.85         33284.16015625         33563.0                 1.72             0.9
32570.48         31633.419921875        32317.0                 2.88             0.78
31644.84         30554.720703125        31547.0                 3.44             0.31
31083.63         30074.48046875         30999.0                 3.25             0.27
30897.46         30026.1796875          30808.0                 2.82             0.29
31143.59         30404.509765625        30881.0                 2.37             0.84
32093.52         31014.689453125        30921.0                 3.36             3.65
34088.27         33098.1484375          32311.0                 2.9              5.21
36765.49         35141.6796875          36612.0                 4.42             0.42
39068.67         37106.94140625         39021.0                 5.02             0.12
40397.08         38750.640625           40103.0                 4.08             0.73
40943.45         39766.87890625         40865.0                 2.87             0.19
41157.28         40235.7890625          39567.0                 2.24             3.86
41346.42         39713.96875            40286.0                 3.95             2.56
41542.94         39496.0390625          41065.0                 4.93             1.15
41574.99         39714.921875           40594.0                 4.47             2.36
41329.11         39696.51171875         40235.0                 3.95             2.65
40928.51         39535.6015625          39728.0                 3.4              2.93
40577.35         39248.5390625          39282.0                 3.27             3.19
40229.63         38912.1796875          39634.0                 3.27             1.48
39635.28         38757.921875           38836.0                 2.21             2.02
38663.01         38099.6796875          37772.0                 1.46             2.3
37503.06         36919.76171875         36819.0                 1.56             1.82
36661.94         35479.98046875         35841.0                 3.22             2.24
------------     ------------           ------------            ------------     ------------
Average Errors                                                  3.211            1.761
R^2                                                             0.894            0.954
------------     ------------           ------------            ------------     ------------
Time in sec.     46.753
Start Date       01.01.2018
End Date         29.09.2022
Predicting       30.09.2022
------------     ------------           ------------            ------------     ------------
