Expected(MWh)    Predicted LSTM(MWh)    Predicted EPİAŞ(MWh)    Error LSTM(%)    Error EPİAŞ(%)
---------------  ---------------------  ----------------------  ---------------  ----------------
33866.85         33640.921875           33563.0                 0.67             0.9
32570.48         32278.099609375        32317.0                 0.9              0.78
31644.84         31217.98046875         31547.0                 1.35             0.31
31083.63         30560.66015625         30999.0                 1.68             0.27
30897.46         30320.759765625        30808.0                 1.87             0.29
31143.59         30458.919921875        30881.0                 2.2              0.84
32093.52         31476.689453125        30921.0                 1.92             3.65
34088.27         33490.21875            32311.0                 1.75             5.21
36765.49         35587.51953125         36612.0                 3.2              0.42
39068.67         38016.390625           39021.0                 2.69             0.12
40397.08         39733.98046875         40103.0                 1.64             0.73
40943.45         40527.8515625          40865.0                 1.02             0.19
41157.28         40885.421875           39567.0                 0.66             3.86
41346.42         40326.80859375         40286.0                 2.47             2.56
41542.94         40325.578125           41065.0                 2.93             1.15
41574.99         40719.9609375          40594.0                 2.06             2.36
41329.11         40687.2890625          40235.0                 1.55             2.65
40928.51         40422.890625           39728.0                 1.24             2.93
40577.35         40026.98828125         39282.0                 1.36             3.19
40229.63         39584.3203125          39634.0                 1.6              1.48
39635.28         39305.390625           38836.0                 0.83             2.02
38663.01         38555.12890625         37772.0                 0.28             2.3
37503.06         37368.69140625         36819.0                 0.36             1.82
36661.94         36056.171875           35841.0                 1.65             2.24
------------     ------------           ------------            ------------     ------------
Average Errors                                                  1.578            1.761
R^2                                                             0.972            0.954
------------     ------------           ------------            ------------     ------------
Time in sec.     46.694
------------     ------------           ------------            ------------     ------------
Start Date       01.01.2018
End Date         29.09.2022
Predicting       30.09.2022
