Expected(MWh)    Predicted LSTM(MWh)    Predicted EPİAŞ(MWh)    Error LSTM(%)    Error EPİAŞ(%)
---------------  ---------------------  ----------------------  ---------------  ----------------
33866.85         33529.30078125         33563.0                 1.0              0.9
32570.48         32727.939453125        32317.0                 0.48             0.78
31644.84         31428.849609375        31547.0                 0.68             0.31
31083.63         30919.029296875        30999.0                 0.53             0.27
30897.46         30480.2890625          30808.0                 1.35             0.29
31143.59         30552.220703125        30881.0                 1.9              0.84
32093.52         30979.2109375          30921.0                 3.47             3.65
34088.27         32567.029296875        32311.0                 4.46             5.21
36765.49         35524.71875            36612.0                 3.37             0.42
39068.67         39182.98046875         39021.0                 0.29             0.12
40397.08         40025.16015625         40103.0                 0.92             0.73
40943.45         40637.421875           40865.0                 0.75             0.19
41157.28         40484.66015625         39567.0                 1.63             3.86
41346.42         39916.5390625          40286.0                 3.46             2.56
41542.94         40665.44921875         41065.0                 2.11             1.15
41574.99         40507.9609375          40594.0                 2.57             2.36
41329.11         40266.859375           40235.0                 2.57             2.65
40928.51         39783.94140625         39728.0                 2.8              2.93
40577.35         39438.16015625         39282.0                 2.81             3.19
40229.63         39090.78125            39634.0                 2.83             1.48
39635.28         39300.140625           38836.0                 0.85             2.02
38663.01         38012.2109375          37772.0                 1.68             2.3
37503.06         37107.390625           36819.0                 1.06             1.82
36661.94         35593.19921875         35841.0                 2.92             2.24
------------     ------------           ------------            ------------     ------------
Average Errors                                                  1.937            1.761
R^2                                                             0.953            0.954
------------     ------------           ------------            ------------     ------------
Time in sec.     339.671
Start Date       01.01.2018
End Date         29.09.2022
Predicting       30.09.2022
------------     ------------           ------------            ------------     ------------
