Predicted(MWh)    Expected(MWh)       Error (%)
----------------  ------------------  ------------
33775.96875       33866.845796425     0.27
33312.4296875     32570.47848220737   2.28
31958.892578125   31644.844592638055  0.99
31723.19921875    31083.628892138146  2.06
31302.841796875   30897.459300848765  1.31
31864.068359375   31143.59341147758   2.31
32310.19140625    32093.517472595686  0.68
33564.16796875    34088.27395128073   1.54
35885.92578125    36765.49155156802   2.39
39604.65625       39068.674470598424  1.37
40219.87109375    40397.08017998605   0.44
40816.3671875     40943.44624322663   0.31
41186.84375       41157.27869557747   0.07
40017.9609375     41346.42305439994   3.21
41322.7578125     41542.94224184545   0.53
40824.63671875    41574.98654664254   1.8
40672.359375      41329.110543098315  1.59
40218.484375      40928.51479278301   1.73
40030.1953125     40577.35319986641   1.35
39422.6875        40229.631251428815  2.01
39674.87890625    39635.27791509336   0.1
38338.421875      38663.009326160856  0.84
37597.97265625    37503.06034641991   0.25
36201.8359375     36661.936461424746  1.25
------------      ------------        ------------
Model             LSTM
Data Size         41592
Average Error     1.278
Time in sec.      310.543
R^2               0.979
