Expected(MWh)    Predicted LSTM(MWh)    Predicted EPİAŞ(MWh)    Error LSTM(%)    Error EPİAŞ(%)
---------------  ---------------------  ----------------------  ---------------  ----------------
33866.85         33384.8984375          33563.0                 1.42             0.9
32570.48         31821.599609375        32317.0                 2.3              0.78
31644.84         30684.80078125         31547.0                 3.03             0.31
31083.63         29982.490234375        30999.0                 3.54             0.27
30897.46         29668.939453125        30808.0                 3.98             0.29
31143.59         29709.0                30881.0                 4.61             0.84
32093.52         30149.849609375        30921.0                 6.06             3.65
34088.27         32596.060546875        32311.0                 4.38             5.21
36765.49         35697.359375           36612.0                 2.91             0.42
39068.67         36769.23828125         39021.0                 5.89             0.12
40397.08         37683.30078125         40103.0                 6.72             0.73
40943.45         38280.26171875         40865.0                 6.5              0.19
41157.28         38990.4296875          39567.0                 5.26             3.86
41346.42         39462.73046875         40286.0                 4.56             2.56
41542.94         39608.5390625          41065.0                 4.66             1.15
41574.99         39658.3984375          40594.0                 4.61             2.36
41329.11         39585.578125           40235.0                 4.22             2.65
40928.51         39361.46875            39728.0                 3.83             2.93
40577.35         39040.640625           39282.0                 3.79             3.19
40229.63         38566.94140625         39634.0                 4.13             1.48
39635.28         37977.3984375          38836.0                 4.18             2.02
38663.01         37241.71875            37772.0                 3.68             2.3
37503.06         36256.71875            36819.0                 3.32             1.82
36661.94         34910.33984375         35841.0                 4.78             2.24
------------     ------------           ------------            ------------     ------------
Average Errors                                                  4.265            1.761
R^2                                                             0.814            0.954
------------     ------------           ------------            ------------     ------------
Time in sec.     47.502
------------     ------------           ------------            ------------     ------------
Start Date       2018-01-01 00:00:00
End Date         2022-09-30 23:00:00
Predicting       30.09.2022
